
[LEFT_CAM_VGA]
 fx=583.987223608745
 fy=777.5512135885982
 cx=336.4834308579684
 cy=255.35967426477887
 k1=-0.1218488612572515
 k2=0.7240157998412073
 k3=-1.2791659558512527
 p1=-0.00032860998982508463
 p2=2.4767870052667204e-06


[RIGHT_CAM_VGA]
 fx=603.6087030311404
 fy=804.7794490838495
 cx=335.4123239478795
 cy=247.78916655451002
 k1=-0.1190723460171406
 k2=0.8550484628923358
 k3=-1.7277822254310549
 p1=-0.0012949677077839783
 p2=0.0015121514359879634


[STEREO]
Baseline=-63.14797991112718
TY=0.00032507589732678105
TZ=0.02994062388760416
RY=-0.005937957794838764
RX=-2.7022533953768105e-05
RZ=0.0059377067102200235

[LEFT_CAM_VGA]
 fx=583.987223608745
 fy=777.5512135885982
 cx=336.4834308579684
 cy=255.35967426477887
 k1=-0.1218488612572515
 k2=0.7240157998412073
 k3=-1.2791659558512527
 p1=-0.00032860998982508463
 p2=2.4767870052667204e-06


[RIGHT_CAM_VGA]
 fx=569.2713695281831
 fy=759.5078886914347
 cx=333.8987946272881
 cy=245.8855106834824
 k1=-0.11384876826623344
 k2=0.6399999983467765
 k3=-1.136266266359983
 p1=-0.0022468526314583116
 p2=0.00012253760451225268


[STEREO]
Baseline=-55.507687890647034
TY=0.001381323549021205
TZ=-0.016394073483395066
RY=-0.005215062328517683
RX=-0.0014613581649580733
RZ=0.005218865051353836
