
[LEFT_CAM_VGA]
 fx=579.8598618477981
 fy=771.8346035519393
 cx=334.62588885276045
 cy=255.46837802978447
 k1=-0.10550439378809567
 k2=0.5835794380395162
 k3=-0.9870016827863194
 p1=-0.000543707387008271
 p2=0.00038306826243060906


[RIGHT_CAM_VGA]
 fx=578.7207640483832
 fy=771.5963613078043
 cx=337.4654062254378
 cy=249.4877683888826
 k1=-0.10710183592853176
 k2=0.6025416442694572
 k3=-1.0132661744693343
 p1=-0.00166074722157503
 p2=0.0020372407394819102


[STEREO]
Baseline=-60.1994259688089
TY=0.0005850892795699481
TZ=-0.002049685480267681
RY=-0.004782595325123374
RX=0.005269043095905598
RZ=0.004763240096886104
