
[LEFT_CAM_NANO]
 fx=732.4545379962624
 fy=778.557535782758
 cx=381.85831501117246
 cy=226.70881763249434
 k1=-0.14120078869664474
 k2=0.6476448842966902
 k3=-0.9688459429298788
 p1=0.0016984733797375947
 p2=-0.002349552556857812


[RIGHT_CAM_NANO]
 fx=724.5129936891445
 fy=770.6447760619719
 cx=377.97425907890414
 cy=271.05588519543875
 k1=-0.17360503573709302
 k2=0.9310645153147813
 k3=-1.5602072818088826
 p1=0.0014447648653297697
 p2=-0.0008920420626601191


[STEREO]
Baseline=-59.34980284024202
TY=-0.0004441951621502805
TZ=-0.0027508371485451696
RY=0.00033401082017228706
RX=0.0039926543343028875
RZ=-0.00038372157131033705

[LEFT_CAM_NANO]
 fx=732.4545379962624
 fy=778.557535782758
 cx=381.85831501117246
 cy=226.70881763249434
 k1=-0.14120078869664474
 k2=0.6476448842966902
 k3=-0.9688459429298788
 p1=0.0016984733797375947
 p2=-0.002349552556857812


[RIGHT_CAM_NANO]
 fx=724.5129936891445
 fy=770.6447760619719
 cx=377.97425907890414
 cy=271.05588519543875
 k1=-0.17360503573709302
 k2=0.9310645153147813
 k3=-1.5602072818088826
 p1=0.0014447648653297697
 p2=-0.0008920420626601191


[STEREO]
Baseline=-59.34980284024202
TY=-0.0004441951621502805
TZ=-0.0027508371485451696
RY=0.00033401082017228706
RX=0.0039926543343028875
RZ=-0.00038372157131033705
