
[LEFT_CAM_NANO]
 fx=714.2754998067417
 fy=761.9088737896776
 cx=387.9572330034043
 cy=239.68798347267526
 k1=-0.07854664681529558
 k2=0.32346706009800613
 k3=-0.5103700415745351
 p1=-0.0022345986496555576
 p2=8.257386385407404e-06


[RIGHT_CAM_NANO]
 fx=723.2202682182684
 fy=771.0325526440115
 cx=370.8059188830585
 cy=253.55890118707538
 k1=-0.09322614211841411
 k2=0.49991955474445476
 k3=-0.9473120650618289
 p1=0.0005570072017420652
 p2=-0.0027778019597067636


[STEREO]
Baseline=-59.78961798230368
TY=0.0002811616855898775
TZ=-0.0008586620951698375
RY=0.005959495902068035
RX=0.0045896707967364335
RZ=-0.005972330739399655

[LEFT_CAM_NANO]
 fx=714.2754998067417
 fy=761.9088737896776
 cx=387.9572330034043
 cy=239.68798347267526
 k1=-0.07854664681529558
 k2=0.32346706009800613
 k3=-0.5103700415745351
 p1=-0.0022345986496555576
 p2=8.257386385407404e-06


[RIGHT_CAM_NANO]
 fx=723.2202682182684
 fy=771.0325526440115
 cx=370.8059188830585
 cy=253.55890118707538
 k1=-0.09322614211841411
 k2=0.49991955474445476
 k3=-0.9473120650618289
 p1=0.0005570072017420652
 p2=-0.0027778019597067636


[STEREO]
Baseline=-59.78961798230368
TY=0.0002811616855898775
TZ=-0.0008586620951698375
RY=0.005959495902068035
RX=0.0045896707967364335
RZ=-0.005972330739399655
