
[LEFT_CAM_NANO]
 fx=726.1364807200384
 fy=773.359347540215
 cx=391.0706718923765
 cy=237.04240234183393
 k1=-0.10472656268304245
 k2=0.7649145953553469
 k3=-1.9635559773562996
 p1=-0.004091593556532919
 p2=0.0006535646271315242


[RIGHT_CAM_NANO]
 fx=724.9980278093794
 fy=772.2592970615858
 cx=374.80303446805755
 cy=241.57363304064395
 k1=-0.06608862284997784
 k2=0.4117000155378116
 k3=-0.814800017741407
 p1=0.0007506389758694302
 p2=-0.0018770625768430066


[STEREO]
Baseline=-60.259453208227924
TY=0.00013131793200952944
TZ=0.00017223350870786567
RY=0.0060406596005445025
RX=-0.0035613124303593134
RZ=-0.006065455358303579

[LEFT_CAM_NANO]
 fx=726.1364807200384
 fy=773.359347540215
 cx=391.0706718923765
 cy=237.04240234183393
 k1=-0.10472656268304245
 k2=0.7649145953553469
 k3=-1.9635559773562996
 p1=-0.004091593556532919
 p2=0.0006535646271315242


[RIGHT_CAM_NANO]
 fx=724.9980278093794
 fy=772.2592970615858
 cx=374.80303446805755
 cy=241.57363304064395
 k1=-0.06608862284997784
 k2=0.4117000155378116
 k3=-0.814800017741407
 p1=0.0007506389758694302
 p2=-0.0018770625768430066


[STEREO]
Baseline=-60.259453208227924
TY=0.00013131793200952944
TZ=0.00017223350870786567
RY=0.0060406596005445025
RX=-0.0035613124303593134
RZ=-0.006065455358303579
