[LEFT_CAM_VGA] 
fx=723.4100813017639
fy=768.2481870812028
cx=413.44257154421246
cy=223.13844060111398
k1=-0.14530282539738693
k2=0.7441645059540593
k3=-1.3408574664641286
p1=-0.0024075005632667144
p2=-0.0003231110189505068

[RIGHT_CAM_VGA] 
fx=723.9424478742976
fy=769.9493267655419
cx=412.87553848592125
cy=211.96514661268748
k1=-0.17186929751139374
k2=0.9745597035040225
k3=-1.7509373331677924
p1=0.0003982525934299984
p2=-0.0012129863709961276

[STEREO] 
Baseline=64.89035957742901

