[LEFT_CAM_VGA] 
fx=534.2483449534661
fy=568.3067926689318
cx=405.62428563933366
cy=248.3106159346216
k1=-0.43557588526133617
k2=1.040553951999531
k3=-1.415017817261663
p1=-0.0013073648718017368
p2=0.0003677147163634915

[RIGHT_CAM_VGA] 
fx=551.7434214003208
fy=587.5007156556575
cx=340.9274701256548
cy=236.12795086759158
k1=-0.4534072820523067
k2=0.5156359364286361
k3=-0.27850418768991364
p1=-0.002638892669548582
p2=0.00740604411461207

[STEREO] 
Baseline=60.169647601643454

