[LEFT_CAM_VGA] 
fx=726.2965921405378
fy=779.7213529998953
cx=401.6737710072242
cy=204.47451888073124
k1=-0.13612891848704853
k2=0.6947456224076116
k3=-1.2883077035387935
p1=-0.0037124688134456034
p2=0.0015107815789485927

[RIGHT_CAM_VGA] 
fx=716.1248768247509
fy=770.3057570266216
cx=399.97313408322793
cy=215.98127938374836
k1=-0.09917526190999694
k2=0.3616514746497914
k3=-0.4317622049369177
p1=-0.0003820226722707193
p2=-0.001498621112382244

[STEREO] 
Baseline=60.29800267069804

