
[LEFT_CAM_NANO]
 fx=722.6928083079224
 fy=770.7985931550008
 cx=387.19007958887914
 cy=239.01708968135384
 k1=-0.09538103747125094
 k2=0.7303240305901209
 k3=-1.706748993873664
 p1=-0.002794777054832917
 p2=-0.0015737555000802676


[RIGHT_CAM_NANO]
 fx=722.3592891593155
 fy=770.0392504891514
 cx=376.8951619648869
 cy=248.2361157107627
 k1=-0.090216223909635
 k2=0.6256318439136392
 k3=-1.231167902580128
 p1=0.0024454220385914114
 p2=-0.001548520941759707


[STEREO]
Baseline=-60.39260254998231
TY=-0.0002520421839839319
TZ=-9.463753126911633e-05
RY=0.006339184057712263
RX=0.003011588028480053
RZ=-0.006343374941596683

[LEFT_CAM_NANO]
 fx=722.6928083079224
 fy=770.7985931550008
 cx=387.19007958887914
 cy=239.01708968135384
 k1=-0.09538103747125094
 k2=0.7303240305901209
 k3=-1.706748993873664
 p1=-0.002794777054832917
 p2=-0.0015737555000802676


[RIGHT_CAM_NANO]
 fx=722.3592891593155
 fy=770.0392504891514
 cx=376.8951619648869
 cy=248.2361157107627
 k1=-0.090216223909635
 k2=0.6256318439136392
 k3=-1.231167902580128
 p1=0.0024454220385914114
 p2=-0.001548520941759707


[STEREO]
Baseline=-60.39260254998231
TY=-0.0002520421839839319
TZ=-9.463753126911633e-05
RY=0.006339184057712263
RX=0.003011588028480053
RZ=-0.006343374941596683
