
[LEFT_CAM_NANO]
 fx=723.9311196531538
 fy=770.8888221620629
 cx=391.27797019220696
 cy=236.80868128688687
 k1=-0.11447487405901383
 k2=0.9108977643040614
 k3=-2.3305077097367004
 p1=-0.004255997360251408
 p2=0.0005702113716722823


[RIGHT_CAM_NANO]
 fx=725.211689737895
 fy=772.2646137947833
 cx=374.6559808806524
 cy=247.0227346431214
 k1=-0.10378418717618448
 k2=0.8363554217191613
 k3=-1.995877492949109
 p1=0.0026742177042757215
 p2=-0.001976196807697019


[STEREO]
Baseline=-59.82385792500538
TY=0.0002677854183186388
TZ=0.0013409444369641024
RY=0.005624849126055788
RX=0.0044577625457564475
RZ=-0.005593124771539858

[LEFT_CAM_NANO]
 fx=723.9311196531538
 fy=770.8888221620629
 cx=391.27797019220696
 cy=236.80868128688687
 k1=-0.11447487405901383
 k2=0.9108977643040614
 k3=-2.3305077097367004
 p1=-0.004255997360251408
 p2=0.0005702113716722823


[RIGHT_CAM_NANO]
 fx=725.211689737895
 fy=772.2646137947833
 cx=374.6559808806524
 cy=247.0227346431214
 k1=-0.10378418717618448
 k2=0.8363554217191613
 k3=-1.995877492949109
 p1=0.0026742177042757215
 p2=-0.001976196807697019


[STEREO]
Baseline=-59.82385792500538
TY=0.0002677854183186388
TZ=0.0013409444369641024
RY=0.005624849126055788
RX=0.0044577625457564475
RZ=-0.005593124771539858
