[LEFT_CAM_VGA] 
fx=726.2965921405378
fy=779.7213529998953
cx=401.6737710072242
cy=204.47451888073124
k1=-0.13612891848704853
k2=0.6947456224076116
k3=-1.2883077035387935
p1=-0.0037124688134456034
p2=0.0015107815789485927

[RIGHT_CAM_VGA] 
fx=716.1248768247509
fy=770.3057570266216
cx=399.97313408322793
cy=215.98127938374836
k1=-0.09917526190999694
k2=0.3616514746497914
k3=-0.4317622049369177
p1=-0.0003820226722707193
p2=-0.001498621112382244

[STEREO] 
Baseline=60.29800267069804


[LEFT_CAM_NANO]
 fx=669.6141748123058
 fy=715.0279797334466
 cx=408.84949410200085
 cy=232.6988196014797
 k1=-0.04553596302977465
 k2=0.3936465505404165
 k3=-0.8345861632323976
 p1=-0.0005832267183185934
 p2=0.004832943513515406


[RIGHT_CAM_NANO]
 fx=723.8342675063379
 fy=772.2740321969562
 cx=412.63364635229107
 cy=222.05079623709102
 k1=-0.13622708083701185
 k2=0.8902142813144603
 k3=-1.7980222555827063
 p1=0.0008055789173593084
 p2=0.0020325209867208087


[STEREO]
Baseline=6.207835478231297
TY=0.037186248970643064
TZ=0.018954999422890625
RY=0.07732724603031185
RX=0.713392559408863
RZ=-0.04727758736568729

[LEFT_CAM_NANO]
 fx=669.6141748123058
 fy=715.0279797334466
 cx=408.84949410200085
 cy=232.6988196014797
 k1=-0.04553596302977465
 k2=0.3936465505404165
 k3=-0.8345861632323976
 p1=-0.0005832267183185934
 p2=0.004832943513515406


[RIGHT_CAM_NANO]
 fx=723.8342675063379
 fy=772.2740321969562
 cx=412.63364635229107
 cy=222.05079623709102
 k1=-0.13622708083701185
 k2=0.8902142813144603
 k3=-1.7980222555827063
 p1=0.0008055789173593084
 p2=0.0020325209867208087


[STEREO]
Baseline=6.30314798954158
TY=0.036999837373778974
TZ=0.019153598445971726
RY=0.085988623145902
RX=0.720317239781453
RZ=-0.05449199046387118
