
[LEFT_CAM_NANO]
 fx=722.7049298939065
 fy=768.8708849571799
 cx=376.0592232258694
 cy=230.0144430567155
 k1=-0.15884406169873913
 k2=0.7320698878453623
 k3=-1.0832630552571887
 p1=0.0014956670006146366
 p2=0.0006289459289576519


[RIGHT_CAM_NANO]
 fx=723.0308805071267
 fy=769.189721656847
 cx=377.44294562440206
 cy=270.31749605161497
 k1=-0.16836167316032938
 k2=0.8600638457322674
 k3=-1.4647200761163328
 p1=0.0010270485907341697
 p2=-0.0011624716406956892


[STEREO]
Baseline=-59.32409266009144
TY=-2.8207279281429308e-05
TZ=0.0006299504301838804
RY=0.0008407334537378706
RX=0.009455219055163477
RZ=-0.0008425478870589287

[LEFT_CAM_NANO]
 fx=720.8379926161771
 fy=766.4633999590199
 cx=375.9810666865063
 cy=229.67600770060648
 k1=-0.1483669173831648
 k2=0.6809411081894208
 k3=-1.0001128499307288
 p1=0.001444633738505363
 p2=8.854156123461329e-05


[RIGHT_CAM_NANO]
 fx=733.9941688666469
 fy=781.2508952481057
 cx=376.74019661917964
 cy=271.74061287739613
 k1=-0.17204198902045828
 k2=0.8896358078251769
 k3=-1.5274557516739604
 p1=0.0007662455492433877
 p2=-0.00047364098379660776


[STEREO]
Baseline=-44.71766737596915
TY=-0.0031108005438345216
TZ=0.0069530098388212785
RY=0.0027153202164577955
RX=0.004634419736337504
RZ=-0.002861511776455459
