
[LEFT_CAM_NANO]
 fx=718.8240997688981
 fy=764.1477202842356
 cx=380.4320644179615
 cy=230.95782158363366
 k1=-0.17124615375983562
 k2=0.8659436744405289
 k3=-1.4996660331014902
 p1=0.0019083192036763081
 p2=0.0005025908831328918


[RIGHT_CAM_NANO]
 fx=713.3805736436904
 fy=758.673758839631
 cx=373.1735836997063
 cy=274.17695708954426
 k1=-0.14920239021621862
 k2=0.6906856456142327
 k3=-1.0616561310012123
 p1=0.0017323271645123528
 p2=-0.001186768613851635


[STEREO]
Baseline=-59.95648387560792
TY=0.00025060410665267603
TZ=-0.0032401013482443513
RY=-0.0005088731654525867
RX=0.01243667809030236
RZ=0.0006295672569870515

[LEFT_CAM_NANO]
 fx=718.8240997688981
 fy=764.1477202842356
 cx=380.4320644179615
 cy=230.95782158363366
 k1=-0.17124615375983562
 k2=0.8659436744405289
 k3=-1.4996660331014902
 p1=0.0019083192036763081
 p2=0.0005025908831328918


[RIGHT_CAM_NANO]
 fx=713.3805736436904
 fy=758.673758839631
 cx=373.1735836997063
 cy=274.17695708954426
 k1=-0.14920239021621862
 k2=0.6906856456142327
 k3=-1.0616561310012123
 p1=0.0017323271645123528
 p2=-0.001186768613851635


[STEREO]
Baseline=-59.95648387560792
TY=0.00025060410665267603
TZ=-0.0032401013482443513
RY=-0.0005088731654525867
RX=0.01243667809030236
RZ=0.0006295672569870515
