
[LEFT_CAM_NANO]
 fx=736.4042944248195
 fy=783.368038566308
 cx=369.84721364086516
 cy=253.04748671081225
 k1=-0.2505103600755233
 k2=3.691229988681208
 k3=-16.619188878678894
 p1=0.0007302861255804133
 p2=-0.005938865529030162


[RIGHT_CAM_NANO]
 fx=722.2155796601113
 fy=769.4025389394923
 cx=391.19537645465965
 cy=239.43265627028916
 k1=-0.12275603533556902
 k2=1.3898933195196217
 k3=-6.5471195293817015
 p1=-0.003334830433424366
 p2=0.0008906080893394179


[STEREO]
Baseline=59.986059908511024
TY=0.0002465245670859586
TZ=-0.0008944136113327128
RY=-0.005633096473428708
RX=-0.004562457234555207
RZ=0.005658713179534616

[LEFT_CAM_NANO]
 fx=736.4042944248195
 fy=783.368038566308
 cx=369.84721364086516
 cy=253.04748671081225
 k1=-0.2505103600755233
 k2=3.691229988681208
 k3=-16.619188878678894
 p1=0.0007302861255804133
 p2=-0.005938865529030162


[RIGHT_CAM_NANO]
 fx=722.2155796601113
 fy=769.4025389394923
 cx=391.19537645465965
 cy=239.43265627028916
 k1=-0.12275603533556902
 k2=1.3898933195196217
 k3=-6.5471195293817015
 p1=-0.003334830433424366
 p2=0.0008906080893394179


[STEREO]
Baseline=59.986059908511024
TY=0.0002465245670859586
TZ=-0.0008944136113327128
RY=-0.005633096473428708
RX=-0.004562457234555207
RZ=0.005658713179534616
