
[LEFT_CAM_NANO]
 fx=723.6608023495425
 fy=769.4569585960753
 cx=372.20834140851696
 cy=231.8927333462046
 k1=-0.1911427884578563
 k2=1.10459218236461
 k3=-2.3212856878314216
 p1=0.0021906584471739735
 p2=-0.00023838510313991453


[RIGHT_CAM_NANO]
 fx=722.6889071279593
 fy=769.6822159679151
 cx=374.6950180661784
 cy=272.85280274408103
 k1=-0.1665888831679788
 k2=0.8292688109633822
 k3=-1.4316833993831255
 p1=0.0015315330434456946
 p2=-0.0010909394345145773


[STEREO]
Baseline=-59.46602347378492
TY=6.942143808221686e-05
TZ=-0.00012871860141839064
RY=-0.00014846098255124753
RX=0.009048198964263501
RZ=0.0001046110200529425

[LEFT_CAM_NANO]
 fx=723.6608023495425
 fy=769.4569585960753
 cx=372.20834140851696
 cy=231.8927333462046
 k1=-0.1911427884578563
 k2=1.10459218236461
 k3=-2.3212856878314216
 p1=0.0021906584471739735
 p2=-0.00023838510313991453


[RIGHT_CAM_NANO]
 fx=722.6889071279593
 fy=769.6822159679151
 cx=374.6950180661784
 cy=272.85280274408103
 k1=-0.1665888831679788
 k2=0.8292688109633822
 k3=-1.4316833993831255
 p1=0.0015315330434456946
 p2=-0.0010909394345145773


[STEREO]
Baseline=-59.46602347378492
TY=6.942143808221686e-05
TZ=-0.00012871860141839064
RY=-0.00014846098255124753
RX=0.009048198964263501
RZ=0.0001046110200529425
