[LEFT_CAM_2K]
fx=1055.17
fy=1054.46
cx=1163.33
cy=586.468
k1=-0.0394129
k2=0.0081633
k3=-0.00442043
p1=0.000719273
p2=-0.000294926

[RIGHT_CAM_2K]
fx=1056.92
fy=1056.28
cx=1119.86
cy=642.35
k1=-0.0438412
k2=0.0116817
k3=-0.00518499
p1=0.000294079
p2=0.000116718

[LEFT_CAM_FHD]
fx=1063.9637866222172
fy=1063.3813919204172
cx=1016.0847615095719
cy=504.10955668224005
k1=-0.10598935565336069
k2=0.14211735028452774
k3=-0.0816328240111831
p1=0.0011471361958161786
p2=-0.0008289845531016417

[RIGHT_CAM_FHD]
fx=1066.2119832613314
fy=1065.6258808881519
cx=971.9999823946622
cy=561.6738148476192
k1=-0.11194204181254117
k2=0.15174837635421823
k3=-0.08806974217995303
p1=0.0006246493680408664
p2=-0.0003096862103118897

[LEFT_CAM_HD]
fx=527.585
fy=527.23
cx=668.165
cy=341.234
k1=-0.0394129
k2=0.0081633
k3=-0.00442043
p1=0.000719273
p2=-0.000294926

[RIGHT_CAM_HD]
fx=528.46
fy=528.14
cx=646.43
cy=369.175
k1=-0.0438412
k2=0.0116817
k3=-0.00518499
p1=0.000294079
p2=0.000116718

[LEFT_CAM_VGA]
fx=263.7925
fy=263.615
cx=349.5825
cy=178.117
k1=-0.0394129
k2=0.0081633
k3=-0.00442043
p1=0.000719273
p2=-0.000294926

[RIGHT_CAM_VGA]
fx=264.23
fy=264.07
cx=338.715
cy=192.0875
k1=-0.0438412
k2=0.0116817
k3=-0.00518499
p1=0.000294079
p2=0.000116718

[STEREO]
Baseline=120.111088290576
TY=0.0001223041314849408
TZ=-0.00010322531418013266
RY=0.006319804346123772
RX=-0.0008748983240475643
RZ=0.0007852065438997699

