[LEFT_CAM_2K]
fx=1055.23
fy=1054.93
cx=1094.71
cy=620.363
k1=-0.0408092
k2=0.00908247
k3=-0.00461134
p1=-8.82356e-05
p2=6.55547e-05

[RIGHT_CAM_2K]
fx=1054.46
fy=1054.35
cx=1078.68
cy=652.761
k1=-0.0418698
k2=0.00984542
k3=-0.00472152
p1=-0.00014459
p2=0.00044813

[LEFT_CAM_FHD]
fx=1055.23
fy=1054.93
cx=950.71
cy=539.363
k1=-0.0408092
k2=0.00908247
k3=-0.00461134
p1=-8.82356e-05
p2=6.55547e-05

[RIGHT_CAM_FHD]
fx=1054.46
fy=1054.35
cx=934.68
cy=571.761
k1=-0.0418698
k2=0.00984542
k3=-0.00472152
p1=-0.00014459
p2=0.00044813

[LEFT_CAM_HD]
fx=527.615
fy=527.465
cx=633.855
cy=358.1815
k1=-0.0408092
k2=0.00908247
k3=-0.00461134
p1=-8.82356e-05
p2=6.55547e-05

[RIGHT_CAM_HD]
fx=527.23
fy=527.175
cx=625.84
cy=374.3805
k1=-0.0418698
k2=0.00984542
k3=-0.00472152
p1=-0.00014459
p2=0.00044813

[LEFT_CAM_VGA]
fx=263.8075
fy=263.7325
cx=332.4275
cy=186.59075
k1=-0.0408092
k2=0.00908247
k3=-0.00461134
p1=-8.82356e-05
p2=6.55547e-05

[RIGHT_CAM_VGA]
fx=263.615
fy=263.5875
cx=328.42
cy=194.69025
k1=-0.0418698
k2=0.00984542
k3=-0.00472152
p1=-0.00014459
p2=0.00044813

[STEREO]
Baseline=119.602
TY=-0.00429778
TZ=0.179369
CV_2K=0.00801194
CV_FHD=0.00801194
CV_HD=0.00801194
CV_VGA=0.00801194
RX_2K=0.0029351
RX_FHD=0.0029351
RX_HD=0.0029351
RX_VGA=0.0029351
RZ_2K=-0.000860866
RZ_FHD=-0.000860866
RZ_HD=-0.000860866
RZ_VGA=-0.000860866

