[LEFT_CAM_2K]
fx=1055.5
fy=1054.9
cx=1045.96
cy=658.498
k1=-0.0338184
k2=0.00198006
k3=-0.00231047
p1=-0.000596112
p2=5.35236e-06

[RIGHT_CAM_2K]
fx=1058.31
fy=1057.78
cx=1128.1
cy=624.917
k1=-0.0438065
k2=0.0121272
k3=-0.00544379
p1=-8.26351e-05
p2=0.000257977

[LEFT_CAM_FHD]
fx=1055.5
fy=1054.9
cx=901.96
cy=577.498
k1=-0.0338184
k2=0.00198006
k3=-0.00231047
p1=-0.000596112
p2=5.35236e-06

[RIGHT_CAM_FHD]
fx=1058.31
fy=1057.78
cx=984.1
cy=543.917
k1=-0.0438065
k2=0.0121272
k3=-0.00544379
p1=-8.26351e-05
p2=0.000257977

[LEFT_CAM_HD]
fx=527.75
fy=527.45
cx=609.48
cy=377.249
k1=-0.0338184
k2=0.00198006
k3=-0.00231047
p1=-0.000596112
p2=5.35236e-06

[RIGHT_CAM_HD]
fx=529.155
fy=528.89
cx=650.55
cy=360.4585
k1=-0.0438065
k2=0.0121272
k3=-0.00544379
p1=-8.26351e-05
p2=0.000257977

[LEFT_CAM_VGA]
fx=263.875
fy=263.725
cx=320.24
cy=196.1245
k1=-0.0338184
k2=0.00198006
k3=-0.00231047
p1=-0.000596112
p2=5.35236e-06

[RIGHT_CAM_VGA]
fx=264.5775
fy=264.445
cx=340.775
cy=187.72925
k1=-0.0438065
k2=0.0121272
k3=-0.00544379
p1=-8.26351e-05
p2=0.000257977

[STEREO]
Baseline=119.815
TY=-0.0640154
TZ=-0.683892
CV_2K=-0.00662364
CV_FHD=-0.00662364
CV_HD=-0.00662364
CV_VGA=-0.00662364
RX_2K=0.00141481
RX_FHD=0.00141481
RX_HD=0.00141481
RX_VGA=0.00141481
RZ_2K=-0.000551564
RZ_FHD=-0.000551564
RZ_HD=-0.000551564
RZ_VGA=-0.000551564

