[LEFT_CAM_2K]
fx=1057.83
fy=1057.34
cx=1063.84
cy=649.499
k1=-0.0367561
k2=0.00561791
k3=-0.00340223
p1=-0.000624132
p2=9.12931e-05

[RIGHT_CAM_2K]
fx=1055.25
fy=1054.93
cx=1137.02
cy=628.609
k1=-0.0371171
k2=0.00457376
k3=-0.0029894
p1=-0.000213958
p2=0.000327238

[LEFT_CAM_FHD]
fx=1057.83
fy=1057.34
cx=919.84
cy=568.499
k1=-0.0367561
k2=0.00561791
k3=-0.00340223
p1=-0.000624132
p2=9.12931e-05

[RIGHT_CAM_FHD]
fx=1055.25
fy=1054.93
cx=993.02
cy=547.609
k1=-0.0371171
k2=0.00457376
k3=-0.0029894
p1=-0.000213958
p2=0.000327238

[LEFT_CAM_HD]
fx=528.915
fy=528.67
cx=618.42
cy=372.7495
k1=-0.0367561
k2=0.00561791
k3=-0.00340223
p1=-0.000624132
p2=9.12931e-05

[RIGHT_CAM_HD]
fx=527.625
fy=527.465
cx=655.01
cy=362.3045
k1=-0.0371171
k2=0.00457376
k3=-0.0029894
p1=-0.000213958
p2=0.000327238

[LEFT_CAM_VGA]
fx=264.4575
fy=264.335
cx=324.71
cy=193.87475
k1=-0.0367561
k2=0.00561791
k3=-0.00340223
p1=-0.000624132
p2=9.12931e-05

[RIGHT_CAM_VGA]
fx=263.8125
fy=263.7325
cx=343.005
cy=188.65225
k1=-0.0371171
k2=0.00457376
k3=-0.0029894
p1=-0.000213958
p2=0.000327238

[STEREO]
Baseline=119.728
TY=0.0288645
TZ=-0.613716
CV_2K=-0.0090896
CV_FHD=-0.0090896
CV_HD=-0.0090896
CV_VGA=-0.0090896
RX_2K=-0.000130076
RX_FHD=-0.000130076
RX_HD=-0.000130076
RX_VGA=-0.000130076
RZ_2K=-0.000337072
RZ_FHD=-0.000337072
RZ_HD=-0.000337072
RZ_VGA=-0.000337072

