[LEFT_CAM_2K]
fx=1056.06
fy=1055.47
cx=1138.43
cy=606.148
k1=-0.0395557
k2=0.00878814
k3=-0.00472074
p1=0.00015642
p2=-0.000325672

[RIGHT_CAM_2K]
fx=1051.72
fy=1051.29
cx=1068.69
cy=644.549
k1=-0.0368365
k2=0.00793371
k3=-0.00432493
p1=-4.17014e-07
p2=0.000105251

[LEFT_CAM_FHD]
fx=1056.06
fy=1055.47
cx=994.43
cy=525.148
k1=-0.0395557
k2=0.00878814
k3=-0.00472074
p1=0.00015642
p2=-0.000325672

[RIGHT_CAM_FHD]
fx=1051.72
fy=1051.29
cx=924.69
cy=563.549
k1=-0.0368365
k2=0.00793371
k3=-0.00432493
p1=-4.17014e-07
p2=0.000105251

[LEFT_CAM_HD]
fx=528.03
fy=527.735
cx=655.715
cy=351.074
k1=-0.0395557
k2=0.00878814
k3=-0.00472074
p1=0.00015642
p2=-0.000325672

[RIGHT_CAM_HD]
fx=525.86
fy=525.645
cx=620.845
cy=370.2745
k1=-0.0368365
k2=0.00793371
k3=-0.00432493
p1=-4.17014e-07
p2=0.000105251

[LEFT_CAM_VGA] 
fx=263.40868514094126
fy=263.71013467973313
cx=342.20532551809305
cy=187.72725386303173
k1=-0.09380170687586735
k2=0.08104624656611258
k3=-0.024494772808134935
p1=0.001688752622759713
p2=-0.003290285723897577

[RIGHT_CAM_VGA] 
fx=263.8225483702238
fy=264.44132855980286
cx=321.96641600721546
cy=194.75247719087903
k1=-0.12419283287277039
k2=0.2036504794649445
k3=-0.11785598460762123
p1=0.00012468244817241957
p2=-0.0033548007165516702

[STEREO] 
Baseline=119.81050717334054
TY=0.0827137
TZ=-0.241461
CV_2K=-0.00239662
CV_FHD=-0.00239662
CV_HD=-0.00239662
CV_VGA=-0.00239662
RX_2K=-0.00308722
RX_FHD=-0.00308722
RX_HD=-0.00308722
RX_VGA=-0.00308722
RZ_2K=-0.000328152
RZ_FHD=-0.000328152
RZ_HD=-0.000328152
RZ_VGA=-0.000328152

