[LEFT_CAM_2K]
fx=1056.06
fy=1055.47
cx=1138.43
cy=606.148
k1=-0.0395557
k2=0.00878814
k3=-0.00472074
p1=0.00015642
p2=-0.000325672

[RIGHT_CAM_2K]
fx=1051.72
fy=1051.29
cx=1068.69
cy=644.549
k1=-0.0368365
k2=0.00793371
k3=-0.00432493
p1=-4.17014e-07
p2=0.000105251

[LEFT_CAM_FHD]
fx=1056.06
fy=1055.47
cx=994.43
cy=525.148
k1=-0.0395557
k2=0.00878814
k3=-0.00472074
p1=0.00015642
p2=-0.000325672

[RIGHT_CAM_FHD]
fx=1051.72
fy=1051.29
cx=924.69
cy=563.549
k1=-0.0368365
k2=0.00793371
k3=-0.00432493
p1=-4.17014e-07
p2=0.000105251

[LEFT_CAM_HD]
fx=528.03
fy=527.735
cx=655.715
cy=351.074
k1=-0.0395557
k2=0.00878814
k3=-0.00472074
p1=0.00015642
p2=-0.000325672

[RIGHT_CAM_HD]
fx=525.86
fy=525.645
cx=620.845
cy=370.2745
k1=-0.0368365
k2=0.00793371
k3=-0.00432493
p1=-4.17014e-07
p2=0.000105251

[LEFT_CAM_VGA]
fx=264.015
fy=263.8675
cx=343.3575
cy=183.037
k1=-0.0395557
k2=0.00878814
k3=-0.00472074
p1=0.00015642
p2=-0.000325672

[RIGHT_CAM_VGA]
fx=262.93
fy=262.8225
cx=325.9225
cy=192.63725
k1=-0.0368365
k2=0.00793371
k3=-0.00432493
p1=-4.17014e-07
p2=0.000105251

[STEREO]
Baseline=120.401
TY=0.0827137
TZ=-0.241461
CV_2K=-0.00239662
CV_FHD=-0.00239662
CV_HD=-0.00239662
CV_VGA=-0.00239662
RX_2K=-0.00308722
RX_FHD=-0.00308722
RX_HD=-0.00308722
RX_VGA=-0.00308722
RZ_2K=-0.000328152
RZ_FHD=-0.000328152
RZ_HD=-0.000328152
RZ_VGA=-0.000328152

