
[LEFT_CAM_NANO]
 fx=721.6410519354232
 fy=768.1900695168132
 cx=391.112591920263
 cy=241.8560493092755
 k1=-0.0792995022426055
 k2=0.5365651222987428
 k3=-1.16423499445702
 p1=-0.0018175409969007942
 p2=-0.00057788638938098


[RIGHT_CAM_NANO]
 fx=725.3431247114405
 fy=772.55804512196
 cx=378.1099692207898
 cy=250.30299447997615
 k1=-0.09030938371603399
 k2=0.6642028088253249
 k3=-1.275659939395266
 p1=0.0038866092288062683
 p2=-0.0014984203068915557


[STEREO]
Baseline=-59.42039814701294
TY=0.0005207979802725699
TZ=0.00303670940247959
RY=0.005911777436812369
RX=0.002289453306782645
RZ=-0.005908664242037486

[LEFT_CAM_NANO]
 fx=721.6410519354232
 fy=768.1900695168132
 cx=391.112591920263
 cy=241.8560493092755
 k1=-0.0792995022426055
 k2=0.5365651222987428
 k3=-1.16423499445702
 p1=-0.0018175409969007942
 p2=-0.00057788638938098


[RIGHT_CAM_NANO]
 fx=725.3431247114405
 fy=772.55804512196
 cx=378.1099692207898
 cy=250.30299447997615
 k1=-0.09030938371603399
 k2=0.6642028088253249
 k3=-1.275659939395266
 p1=0.0038866092288062683
 p2=-0.0014984203068915557


[STEREO]
Baseline=-59.42039814701294
TY=0.0005207979802725699
TZ=0.00303670940247959
RY=0.005911777436812369
RX=0.002289453306782645
RZ=-0.005908664242037486
