
[LEFT_CAM_NANO]
 fx=723.9467167168276
 fy=772.0724969773711
 cx=388.50697187703463
 cy=240.84691672487372
 k1=-0.12847476497268367
 k2=1.3229002454088876
 k3=-4.801078300792311
 p1=-0.0026511698135506137
 p2=-0.0004972433094887523


[RIGHT_CAM_NANO]
 fx=732.0234796694947
 fy=779.6358842652338
 cx=364.10247215588004
 cy=252.49555151538848
 k1=-0.17817696041304823
 k2=2.0324612362206067
 k3=-7.367683026888763
 p1=0.00038635554930297014
 p2=-0.005144112602878762


[STEREO]
Baseline=-59.40521375274326
TY=-0.0009686823572059644
TZ=-0.0017097856896119213
RY=0.006078512852688586
RX=-0.00019112785846066822
RZ=-0.006079760375068799

[LEFT_CAM_NANO]
 fx=723.9467167168276
 fy=772.0724969773711
 cx=388.50697187703463
 cy=240.84691672487372
 k1=-0.12847476497268367
 k2=1.3229002454088876
 k3=-4.801078300792311
 p1=-0.0026511698135506137
 p2=-0.0004972433094887523


[RIGHT_CAM_NANO]
 fx=732.0234796694947
 fy=779.6358842652338
 cx=364.10247215588004
 cy=252.49555151538848
 k1=-0.17817696041304823
 k2=2.0324612362206067
 k3=-7.367683026888763
 p1=0.00038635554930297014
 p2=-0.005144112602878762


[STEREO]
Baseline=-59.40521375274326
TY=-0.0009686823572059644
TZ=-0.0017097856896119213
RY=0.006078512852688586
RX=-0.00019112785846066822
RZ=-0.006079760375068799
