[LEFT_CAM_2K]
fx=1053.23
fy=1052.91
cx=1104.31
cy=627.674
k1=-0.0426017
k2=0.0100701
k3=-0.00475893
p1=-0.000687008
p2=-0.000247122

[RIGHT_CAM_2K]
fx=1054.51
fy=1054.04
cx=1089.83
cy=666.573
k1=-0.0433409
k2=0.0114632
k3=-0.00529814
p1=0.000274974
p2=0.000361846

[LEFT_CAM_FHD]
fx=1053.23
fy=1052.91
cx=960.31
cy=546.674
k1=-0.0426017
k2=0.0100701
k3=-0.00475893
p1=-0.000687008
p2=-0.000247122

[RIGHT_CAM_FHD]
fx=1054.51
fy=1054.04
cx=945.83
cy=585.573
k1=-0.0433409
k2=0.0114632
k3=-0.00529814
p1=0.000274974
p2=0.000361846

[LEFT_CAM_HD]
fx=526.615
fy=526.455
cx=638.655
cy=361.837
k1=-0.0426017
k2=0.0100701
k3=-0.00475893
p1=-0.000687008
p2=-0.000247122

[RIGHT_CAM_HD]
fx=527.255
fy=527.02
cx=631.415
cy=381.2865
k1=-0.0433409
k2=0.0114632
k3=-0.00529814
p1=0.000274974
p2=0.000361846

[LEFT_CAM_VGA]
fx=263.3075
fy=263.2275
cx=334.8275
cy=188.4185
k1=-0.0426017
k2=0.0100701
k3=-0.00475893
p1=-0.000687008
p2=-0.000247122

[RIGHT_CAM_VGA]
fx=263.6275
fy=263.51
cx=331.2075
cy=198.14325
k1=-0.0433409
k2=0.0114632
k3=-0.00529814
p1=0.000274974
p2=0.000361846

[STEREO]
Baseline=120.216
TY=0.28485
TZ=-0.466085
RY=-0.00259232
RX=-0.00351537
RZ=-0.000687875

