
[LEFT_CAM_NANO]
 fx=728.7425907118793
 fy=775.2010020081285
 cx=376.451150826799
 cy=228.1137597115394
 k1=-0.13657559576913747
 k2=0.6035412996913162
 k3=-0.9079786066847727
 p1=0.0015200933844044845
 p2=-0.0017466656619081272


[RIGHT_CAM_NANO]
 fx=736.9801242688768
 fy=785.2549236883166
 cx=364.09915139794623
 cy=268.35890137013286
 k1=-0.18913822498009383
 k2=1.2521612976160437
 k3=-2.8786861355382483
 p1=2.8225923370357177e-05
 p2=-0.0033018429918198226


[STEREO]
Baseline=-59.9832717184234
TY=2.432445778389813e-05
TZ=0.0001346713761463038
RY=0.0009533007942325806
RX=0.00924146840789119
RZ=-0.0009110458731120908

[LEFT_CAM_NANO]
 fx=728.7425907118793
 fy=775.2010020081285
 cx=376.451150826799
 cy=228.1137597115394
 k1=-0.13657559576913747
 k2=0.6035412996913162
 k3=-0.9079786066847727
 p1=0.0015200933844044845
 p2=-0.0017466656619081272


[RIGHT_CAM_NANO]
 fx=736.9801242688768
 fy=785.2549236883166
 cx=364.09915139794623
 cy=268.35890137013286
 k1=-0.18913822498009383
 k2=1.2521612976160437
 k3=-2.8786861355382483
 p1=2.8225923370357177e-05
 p2=-0.0033018429918198226


[STEREO]
Baseline=-59.9832717184234
TY=2.432445778389813e-05
TZ=0.0001346713761463038
RY=0.0009533007942325806
RX=0.00924146840789119
RZ=-0.0009110458731120908
