
[LEFT_CAM_NANO]
 fx=735.3735339484938
 fy=781.8839616303165
 cx=370.9451379483671
 cy=234.24626750857655
 k1=-0.1689930671059704
 k2=1.1072365394160941
 k3=-2.811153626226027
 p1=0.0014412915279826423
 p2=-0.001945770732589166


[RIGHT_CAM_NANO]
 fx=715.2392621861355
 fy=761.3375700641645
 cx=370.3342938929171
 cy=271.62278381126185
 k1=-0.16307408962336134
 k2=0.9310364992737745
 k3=-1.9099636469371286
 p1=0.00029157772688862866
 p2=-0.0016118729182710934


[STEREO]
Baseline=-62.04354793998915
TY=0.001716526025887732
TZ=-0.016572500550702304
RY=0.0007398924289921153
RX=0.005729042621065817
RZ=-0.0007755185464941104

[LEFT_CAM_NANO]
 fx=735.3735339484938
 fy=781.8839616303165
 cx=370.9451379483671
 cy=234.24626750857655
 k1=-0.1689930671059704
 k2=1.1072365394160941
 k3=-2.811153626226027
 p1=0.0014412915279826423
 p2=-0.001945770732589166


[RIGHT_CAM_NANO]
 fx=715.2392621861355
 fy=761.3375700641645
 cx=370.3342938929171
 cy=271.62278381126185
 k1=-0.16307408962336134
 k2=0.9310364992737745
 k3=-1.9099636469371286
 p1=0.00029157772688862866
 p2=-0.0016118729182710934


[STEREO]
Baseline=-62.04354793998915
TY=0.001716526025887732
TZ=-0.016572500550702304
RY=0.0007398924289921153
RX=0.005729042621065817
RZ=-0.0007755185464941104
