
[LEFT_CAM_CARL]
 fx=2715.6951015509167
 fy=2713.9051536218894
 cx=1256.375347462171
 cy=898.7517806222845
 k1=-0.46648213557019547
 k2=0.26305618756282517
 k3=-0.10219139397848115
 p1=-0.000442296443673229
 p2=0.001083026120052105


[RIGHT_CAM_CARL]
 fx=2701.442647402167
 fy=2700.159276339085
 cx=1308.8707538435326
 cy=970.8231114662533
 k1=-0.4684285976596437
 k2=0.2689195167893145
 k3=-0.10633580945745295
 p1=-0.00020125590467569938
 p2=0.0009296487163157013


[STEREO]
Baseline=-99.32076180867084
TY=-0.00020264304498725293
TZ=-0.0013766125265051792
RY=-0.005102715379226558
RX=0.0005617577783119628
RZ=-0.004267582683812663
